[Version]
Ver=Version SR1_21.7.2

***********************************************************
************************** SE ****************************

[SE Noise Filter]
inl=10
inr=10
ild=0
im=7
darked=2
taildarked=3
offstartpixel=1
offendpixel=3
averageCount=5

[SE Background Offset]
min=1
max=3

[SE Calibration initial step]
left=9
right=40

[SE Initialization step]
left=31
right=67

[SE motor sleep time]
sleep time=20

[SE Calibration energy range]
eVMax=3.0
eVMin=1.5

[SE Wavelength]
i0=194.3596
i1=0.80723685
i2=-0.00003923179
i3=-0.0000000005890407

[Calibration Angles] 
Ps= 0.9633
As= 31.088
Cs= -15.7034
Incident angle=65.1

[Retardance] 
Retarder_A=  1.91667
Retarder_B1=  23.80155
Retarder_B2= 0.98956

[SE Nonlinearity Correction]
cor1_x0=0.990732
cor1_x1=0.000000160228
cor1_x2=0.00000000000618558
cor1_x3=-0.000000000000000278363
cor1_x4=4.61935E-21
cor1_x5=-3.86172E-26
cor1_x6=1.59926E-31
cor1_x7=-2.61079E-37
cor1_x8=0.0
cor1_x9=0.0
cor2_x0=0.0
cor2_x1=0.0
cor2_x2=0.0
cor2_x3=0.0
cor2_x4=0.0
cor2_x5=0.0
cor2_x6=0.0
cor2_x7=0.0
cor2_x8=0.0
cor2_x9=0.0
cor1_max=200000

[측정횟수]
# of measurements=40

[Thickness search]
range=2000
step=100
search=FALSE

[SE Energy range]
eVMin=1.5
eVMax=5.0

***************************************************
***************** ARC ***************************

[ARC Noise Filter]
inl=20
inr=20
ild=0
im=6
darked=10
taildarked=8
offstartpixel=4
offendpixel=40
averageCount=5

[ARC Fit Iteration]
iteration = 10

[Reference file]
Folder= C:\Users\ATI\Desktop\Camellia2\Lib\MetLib\Reference
ARC=configc.dat
SR=configc.dat

[ARC Shutter motor]
speed=400
step=243
sleep = 1000
Use motor=TRUE

[ARC Wavelength]
i0=194.830500
i1=2.2255370E-1
i2=-5.7712410E-6
i3=-3.7495930E-10

[ARC Background Offset]
min=3
max=25

[ARC Energy range]
eVMin=1.3
eVMax=3.6

[ARC WL Interval]
IntervalVis = 2 

[ARC Nonlinearity Correction]
cor1_x0=0.99688
cor1_x1=1.80617E-06
cor1_x2=-2.51736E-10
cor1_x3=1.47116E-14
cor1_x4=-3.32817E-19
cor1_x5=4.74082e-17
cor1_x6=-6.73146e-21
cor1_x7=5.82512e-25
cor1_x8=-2.8035e-29
cor1_x9=5.74782e-34
cor2_x0=0.85933
cor2_x1=5.51879e-5
cor2_x2=-9.85271e-9
cor2_x3=1.00482e-12
cor2_x4=-6.15425e-17
cor2_x5=2.34182e-21
cor2_x6=-5.56436e-26
cor2_x7=8.01115e-31
cor2_x8=-6.38138e-36
cor2_x9=2.15423e-41
cor1_max=64000


[ARCNIR Noise Filter]
inl=3
inr=5
ild=0
im=5
darked=1
taildarked=1
offstartpixel=1
offendpixel=2
averageCount=3

[ARCNIR Energy range]
eVMin=0.8
eVMax=1.3

[ARCNIR WL Interval]
IntervalNIR = 1 

[ARCNIR Wavelength]
i0=194.830500
i1=2.2255370E-1
i2=-5.7712410E-6
i3=-3.7495930E-10

[ARCNIR Background Offset]
min=3
max=25

[ARCNIR Background Coff]
A=2458.10446
B1=-0.16822
B2=0.000178369
B3=0

[ARCNIR Nonlinearity Correction]
cor1_x0=0.99688
cor1_x1=1.80617E-06
cor1_x2=-2.51736E-10
cor1_x3=1.47116E-14
cor1_x4=-3.32817E-19
cor1_x5=8.17328E-25
cor1_x6=6.57749E-29
cor1_x7=-6.38594E-34
cor1_x8=0.0
cor1_x9=0.0
cor2_x0=0.0
cor2_x1=0.0
cor2_x2=0.0
cor2_x3=0.0
cor2_x4=0.0
cor2_x5=0.0
cor2_x6=0.0
cor2_x7=0.0
cor2_x8=0.0
cor2_x9=0.0
cor1_max=64000

***************************************************
***************************************************

[장비관련정보]
납품처=ATI
날짜=2021/07/02
장비Type=SE/ARC
[Comment]
comment=양산장비

[Auto Stage]
Baud Rate=19200
Parity=None
Stop Bits=One
Data Bits=8
Read time out=500
Write time out=500
New line char=\r
Port number=1
Port auto search=FALSE
X stroke=25
Y stroke=25
Pulse per mm=
Motor speed=
Drive speed=

